11191111 111 1111111111111111 ᾤ11111111111111ἵ11111111112111, &o 1111111111 md)
9111111111 111111)

13111 &otu 64 ff. 11111,1110119111111111111111111, 111111, 11111111 111111
111911111111111111111111110111111111114. 64. 11111, 1111111111, 1111111111. ,9 9111.
11111111 111111 111191, 111 111 ς1111111111 0111 11111111 111 11111 11111111, 11 11 111111 11111911 011111 1111111119 111111,

111,1111161111111111111111111. 61. 1111119 9111111111. 14.

’ 11111111 1111111191, Db 1111 111 11111111 111 111111111111 1111 111111 11111, 111 1111 11111 11111911 1111111111 11111 ln

1111111111 1111111111, 01119119111111111111 11191. 66. 9111111111 1111111 11111 1111. 77. 100.

’ 1111111111, 1111 1111 11111 11111011111111111111 1111111

91, 69. 111111111191 &on (111111 111111111ῐί1111 wa.

811911111161111111, 111111 1111911, 111911, 1111111111111911, ¹¹¹¹ ¹¹¹¹ ¹¹¹¹ 6110111 ¹¹ Ι111· 10011·

9111111111 1111111111· . 701· 6111111111,111111111116116111111191111111111111.
111111111111111,011911010111111911611, 11111111111101111111. 1031. ·
1111111911 111119111131111, 1111 1111119 91111111) 11111111 111 1111111 1119111111, 111111111161111119111911

1611111111. 761. 1111111. ’ 105. -

&fluuio 91199 “flamna 191 morta 1119119119, 76, 1111111111111111191,11111 bat ssbt'lstufl 1ὒ1111111 [tbtoeden 1111
, 01111111 1111 1111111119 111 11111111111111119111111111 111111 1111111 (51 11 1111111111111111111111111111111111
99999, ’ 77, 111, 11111119 91111111 111. 1061.

16ῖῖ11 1111111 1111111111. ...111 111 11911 11 111111 111 11 11
111111911111111111111. 114 11.

(111119111111111 111. me 11111 111111 11111111 91911 111
&mmm 32· 61111111111111911,,1111111111111111111111ῐί111111111111. · ·

11191111, 1111111 111 1111111111 111 9111111111 1111111 111111 ¹2⁵ ¹¹·
11111111 1111111. 84. 111111111111111511111,1111111111111111
81119111 11111111 111111 1111111111. 85. 911111. 136 11. ,

11111 Θ111111 131111· ¹¹⁶· 11111 11111 111, 1111 11111111 1116111111111 1111111111 1111.
18111 1111911 6111. 86 ff. - · 199

01111111111111111111, 111111 1111111 1111111111 11111191 111 9111113119111111 1111111. 111 ff.
111111, 111 1111 111 91111111 11111111 111111111111111111 ’11111111 111 111 1119111111, 111 111 1111111111 1191919111
-·“··“·““ 11111. 139. 141.

¹¹ ffi’lssgeznffinffitgusslssetsssatczimffiscflffisnfflffl:iffi Disputationes 11 1111111111 1111111911111. Qun 1111111

9111111111 huiusce editionis numeros permutavi. &ruth wssttssei 10. 139.

 

