. 11111111 11111 111111 1111111111)

1111111 m. scum nochum U

11 111 Θ111111111ξ1111, 1111 11 1111111161 1111 111

11111 11111111, 111111 11 11111111)111111111111 111, 1111 111

111111 111111. · ffi‘ssnffiss' 133 ffienffmfflffitn 1ῗῖἷαῖἷῖ Q&

- 1111111111111111111

Sat 1111111ῖί11 1191111111 111 1116111111, 111 1111111 11 111 gnate, 1111111 111 1111111 1111111111

ί1ξ111 Ξ1111ἒ &mamre 1111311ῇὲ1111 18111ξὲ16, ,

, 111111 , 111 1111111111 1111191111, 6111111111 1111111, 11111111111111111111111111 111111 1111111 111

We buta, mmmm, f„ 11) 1214„ μ, „amem mag 012 glauben 111 1111111111111111111 11111111 1111131111 111111,

11111111111111111111111111111111,1111111111191111111 11111111111111 111111111111 111111 ‘1⁰³⁶
111. 11111 11111111 111 1111111111 9111111111 ustum

1119111111 1111111111, 111 1111111111 1111191111, &a 11
111 1111111111 111111 1111111, 111 11111 1111, 111 11111111

111111 111) 1111 111ἧ111111111111 (111111 mou 1η, 111111. 1111 11111 1111111111, 11111111111111111
111111,11)11111111111 1111111111 1111111111111111111 1111111 11 111111191111111113111. 11111 an 111

1111111, 111111, (1111111111 1111111111 111111 11111. 11111 elium, 11111111 1111111111 11111111, 1111111
111 11, 1111111111111111111111111, 111111

« 11111) 111111111111111), 111 11 11111111 ,111 11111 11111111 111111. 11111111 11
61111111, 111111 1111111 111 111 1111111111, 1111111111 111111. Θυ1111131111,111111)11 111 111111 1111111111
111 benignu! 111111, (1111111111111111111111111111, 11111111 111 111 11111111 ,1111111 111 &amm 1111
1111111111)9111111111,11111111111111111 111111. 111 1111 111 11111 1111 111 flebam 11
ἲ11111111 ι11111111 111111. · 11111111) aud) 1111111111 3111· [13] 111111 (111 1111111111 11·

1111111111, 11111111 111 111 11111111 1111111111 1111111111
1111 1111111, 1111 11111111), 1111111111111111111111111 ’ , ,
1111111) 111 6111111111, 1111111111 1111111 1111, 1111111111 ‚ 1111 “bet 11 11111111111111111. 111 11111 Μ
0011ae {n „mmmm„ff(;1‚tmum‚ 11111 1111111111 1111111, 111 111111 1111111111, 1111 11
111111 1113111111 1111, 111 111 1111111111, 111111 11111 111111 11111111111111, 111 111111 1111·

· 11911111) 111 11)1111)111111111111111)111,1111 11 1111

gnum 1111111111 111 111 11111 1111111111111. 111111111111111111111111 111 11111111
1111111111) 111111,11111111111)1,6111111,111111Ιῖ1 11111·1ἕ1111111111 111111111111111ἓ1111111111111
111, 1111111, 11111, 1311111 111 1111111111) 11 1111111111) 1111111111 1116116111
» 111111111111111111111111, 111111 11111111) 11111111111111,11111111111111111111 11111
1111111111111111,1111111111111111111111111111111, 1111111. 111 1111111111111111111911111111 11111
(1111, j, [22 f‚] an βα) 111 gefegt ,um 0211& „bet 11111111111111 11 11111111111111111111111111 11111111
111, 1111111111, 1111111 1111111, 11 ganne 1111 111111 11111111 111 1111111 1111111 naum 111
11111111, 111, 111 11111 111111111111111. 1111111117) -
3111111111. 1. [17) 1111 1111111 1111111111 1111111 · ¹
„bet mum emn) 11111 111 1111111111 1111111 1111111 1111 1111 dau·
31111). 1111. iii. [15.] 1111111111 111 1111111911 111111 mle, 6111111 111111. 3111111111. 311111. Ui·
111111, 1111111 111 111 &cult 1111 11111 111 11111111 111. 111111 111111. 111 6111. 111 111 1111111 11111111 11
111111 11 111 11111, 111 111111 1111111111), 111 1111111 ,
11111111111111111111111111,11111111111111111 - .
11111, 111 1111111111 111111 geom. {3} ffifflss 1⁷2⁹„ss m
11111 11111 1111111111 111 61111111 111 1111111111, ⁹⁴) b¹²1 “b *¹¹²²- ¹··⁹· ¹¹·’¹³‘2, corp. ²· 311111
311) 9111111 tine Jtissfle, 11111111 Mn 111 §tiliam 11111 11)111111δ111111111111111111111111,]11111111111-11.) mu.

1111111111. 1111 111111111111111,1111111911111111) 111-1ξῶἕὲ &natm &mmm 6111111111

⁰ ·········· 16) 1111111) Mitt. 8. 9. -11. 111111

11)111111 111111] nd. 8. mle: 111111 11111. 17) 111 11111111111)1111111111111611-1111111111111.) mm· 1-2.

111111 111· ¹-⁷· ⁹· 1111111 111111111111111311111111 “222AEss W„

⁹1) 11111111 111 - 1111111111.) Ed. 1. 1111 Ι1111), 111111 111 11111111 111111 11111 111111 1111111 11111111 1111111111 hh,
11111 1111111 1111 1111111111 111. , toth 111111 11111 111111 1111111111.

 

