255 ΡΗΙΙ.. MEL. SCRIPTA DOGMA'I'IGA. ’ ⁸ 256

66666666 666 6666666 6666666666 66666666 66666, 666666 6666 66 666 666 666 6666 6666666666 66666 ιιι, 666 6666
66666 6 66666666 666666 666666, 6666 6666666666 66 666 6666 66666 6666 66666 6666666666 6666666 6666 666666 666 Qut
6666 66666 6666666 666 666666 66666, 666 6666666666, 666 66666 6666
6666 666666 6666666666 666666 66666666, 666 66 666666 66
6666666 666 (666666 (6666666 66666683) >³thch 666
&Det 666666 66666 666 (6666 6666666 6 666, 666 666 6666 6666666 666· 666666 6666, 666 66666666 666666 66666, flue
6666, 666 66 6666666 6666, 666 66666 ’666666 66666 (666 66666666 666666 66 6666666 (66666 6666666666 66666,
666 ι6666, 666 666666 66 (6666, 666 66666666 66666 66, 666 66666 666666 ιιιίι 6666666666 6666666, 66 66 666 66666 6666666
6666 6666 666666 66” 666666 66666, 66666666 66 66 666666 6666 66666 6666666666 6666666666 6666666666, 6666 6666666666

- 66666 666666, 6’66 66666 inen8 666666, 6666666666, 6666666666 6666666 66666 666666 666666 666 (666666 66666, 6666 666

, 66666, 6666 66 666,6 6 66666666 666 6666666 66666 66666 666 6666666 6 66, 666 6666666 6666666666666666666, 6666

(666666 66666, 666 66 666666 666 (66666 66 666666 66666 666, 666 666 66 666666 6666666666 6666 6666 6666666666 666,
6666 66666, ’666 66 666666 6666666 666 6666666 666 66, 666 66 666 6666666666 (6666686) 66 6,6666666 Sa 666 666
666666 66666 66666 66666666. 666 6666, 666’ 66666 6666666666 666 66 6666666666 66666 66,

666 66 6666 66666 66666666 66666666 666
6666, ’.66666666 6666 6666666 66 666666 66666666 66

666 6666 66666666 666 66666 6666 66 66 666666, 666 666

{Q 666 poenitentia 666 66666666 66 (6666, ιιι 66,6666 666

66666 6666 66666 66666666, 666 66666666 6666 ’6666”’ 666666 66, , ‚

6666 66 66 6666 66666 666 66666666 ιἰιοιι, 666 6666 66 {301⁸ natutItQQ 66666.
66666666 666 6666666 66 666666, 6666 66666 666666 6666

666 66 66666 6666 6

6666666 66666 66 666 (6666 66666666, 666 666 64666666 5666666Ἦὲ ’66 ’66ἰί6666666, {lgazflbgmabnffiemffimt
666 6666666666 66666 66666 (666666, 666”ιιιιι 666 666 666666666666 6666666666 66 6666, 666 &t 66666 66
- 666 666666, 6666 6666 666 666666 6666 666666, 666 6 6666 ιιι (6666666 6666666666 66 666, 6666 666’ 666 6666 6666 666

666 66 666666, {Du QennaQerQ 6666, 66)86 666ιί 666666688 66666, 6666 66 &ott 66666 66666 666 «6666666666 666

66666666 66666 666 6666666666 6666666666 6 66666 6666, 666 6666 666 6666666666, 666 666 66666666 66666666 666, Dm
66 666666, (6666 666 66666666 666666 6666666 666 666666 (6666 66666 666666 666666 66666 6666666666666 66ιί6666666

66666666 (6666666, 666 666 666666, Lex Moralis, obet 66 666 mm 66666 66 666 66666 6666666666 6666666666, 6666
66666 666666 66666666666666 66666 66, ’666 6666, 666 66 6ιιι 666 666, 66666, ,66ιέ8 ,6666 6666, 66666, 6666, 66666666 (66,
666 66666666 ’666666, 666 6666 66666666 6666666866 6,666 6666, 66666 666. 666 Q 666 666666 666666 66 666, mas
6666 6666, 666 6666 ’66666666 666 666666 666666666ιί6 66666 666 66666, 6666666666, 666666, 6666666666, 66666, 66
666666 66666, 66666 66 66666 ’6666666 66666, 66666 66 66666, 66660) 66666 666 66 ,666 Q 666 6666 6666666

‚ 66666666, 66666 6666666 6666666, 666 66 6666666666, 666 666 6666, 666 6666, 666 ιιῐΙ’6” ’6666666666 6666666666, 361

666666 ’66666 66 6666 666666 66666 ιι. - 6666666666 6666666666 666, 666 6666 666666 6ιι6
6666666666 666 6666666666 66666666, 666 666666 M·
6666 6666 666 66666666 6666 66666 666666 666, 666 66 6666 666 (66666666 6666 6666666666 666.
66 66666 66666666, 66 ,66 66666866 ι6’6 6666 666 66666 66 6666666 6666666 66 666 (6666666666ιὶ), 666 66 66
666666 666666666” 6666666 6666 66 6666 66, 6666 6666666 66666666 6666666 66666 666 666 66666, 6666 (6666 6666,
666666, 666 66 6666 666 6666666 66666’ 6666666, 66666 66 666 6666 6666666 {ouem ⁹¹ 66666 66, 666 666 66 666
pollis 6,66 66666 66 6666 66666 666 66666666, 6ιι’ 666 66666 66166666666ιί666666ιί666666666666666666, 6666666666
ἔιιιίᾶ) 666666 666666, 6366 6666666 66666666 66666 66666666 666 6666666666 666 6666666 66666, 6666 666666 6666666666
6666666666 66666666, §Duo 666 6666666666 6666666666 66666 6666666 666666, 6666 metae ’6666 666 666666 6666666666
666 6666 66666666 66666, 6666 66666666, 6666666666, 666 666666 666 666 66666 (66666 66666666 6666666 6666 666666
66 666666 66666 66666, 666 666 666666 666666 666666 666666 6666666666, 2666, 666 (666666 666.

6666666 666 6666666666 (6666 666666, 6666666666 666 666666 666 6666666, 66666666 666 6666666 666 66

6666666666, 6666 666666 66) 666 66666 6666666666 6666666-

6666666 666, 666 66666 66666 6666 666 666666 bettaQten, 6688 mmm mitt 5 3 886688

69)66.6666666666666666]Ε61666-9. 11. Corp. 2. 3. 6. 6666666
y) 66] mitt. 6-6. 9. ιι. ιιι 66666666 666

ee) 666666] 66666. 6. e. 666666 66) ιιι] ab 6666. 6 6. 666
87) 66666666 6666666] Editt. 5-9. 11. 6666666 6666666 91) 6666666 6666666] Εᾱίιι. 6. 6. 6666666,

 

