1⁸ . . mmmsmrmnofflnct. ·

l!
1611666111166181616661111116116111111111. trahammolant-mitent 16611666
triber personis diuinis, pro· 6611161 ⁸¹¹Pater 166661ιῶ 161 condent 16166116· 66661, 1161611 1161 nin
1161691116 111111 1111116111, 1111116 11111111 1111111111 6111111, 111111116111. 16 nrt. 116
&dmm 1611111111 66616 6111116616 11161161.61111.611666611611111ω1611μφ6616661
etc. Sed 6666166 est editionem 1111166611. 1535. 61 1169611166. Δ. 153616 ertio. de Bonis Oper- mh:
Et 1611611 Β. O. 116 6666666616 61611 orl 6116111 6611611611, vertit: 1161 111 1111111111 81111111 1611 11111116 1166
611611111111111111111111161111 1661116. 1161666111616Α66661161 111 loe exesrplo vidam, εἶναψ
166 6661666, 61661661 vocabulum non expressit Sed 1616116 versionem verborum Β6611111 Dm 6616666111
1161,16661,116111,6111’11661. 86116666116611666,6666169666166,16166666616616 reddidit. 1111616 1111111
166161111611,161111 161 11111161. 11111 161111 1111116, 1111111111 61111 6116111111. veros 1661661 16166 16 ’
11111416 6616 666 66611 explicantur.

Seolrenrlorins in Historia 116 1161166661666611111 lll. 8661 15. 1. 16. Arltl lll. (Ed. 11116 1694.
11616146) 611 6. 1536. 116 1116 interpretatione 661661 1666661 Vertit hoo 6666 l). 116166 lonas (1616666166
16666 Melenclrtlroois Theologicos. 11166 6616166661 Elector per Pontsnnnr 11. 9 06161116 11611666 6661166166
transmisit, observasse 161666 66 1116666, 6611111166 111 remmon 61 rasamenta ratis quoda lae 1661116161
erre, 6611 1111611 breuiter. ')

Aeque 61 suprop. 7-10, Spehtiniprnesotinnculnmsdeeripsietinrn 16666 epistolem menpstorisnet
1611 61 sequentibus Editt. 11166 aetatis praemissam ln 1 atero:

911 wiwliola progenerum lirim 111 lm 1661311111 &rodoan 1611111
11 &alito no 111161 &rotroco &ooo 11161111 111 1166111166
1111111 1161 5111116116, 161 &spemin 11111116 111.. 11116161 1161111111

611111 111111 161161111661111111, 96111111εῇ6. 111111111616 61161611, 1611111111 1161, 11111 11111 11
16116111 161 1161 61111111 111, 1161111111 111111 ptr, 11 111 1161111116 111111 16 161 111116, 6111 111 61116111 161
11111 1111 161 116111 111111 111 6111111 11111, 161 116 11161116, 11 161 111111 661111 611111611111111 1111, 111116 1111111111, ,
1111 16111 1111116 11616161111111111116,116111161, 11111111 6161111, 161 111111116111111161,111116116611111111116
1111, 1611111111 11111111, 11111111 11111 111 11116111 1111 111 11111161 1111161611 1111111116, 111 1111 1161111111 11111,
111111 116 111161 111 1111111611 (11116 111 1116111 1161111) 11116 611116, 11166 11 111111 1111111, 161 16111111 1111116
1111116εῴ1116 1111116, 11166 1611111111 161116611111111,111111111111611611, 111 1611111111, 111111, 1661111111 1161 11116
111166,.’1116111111,111111111111161 1111161, 11116 111111 116 1111111161. 1111111111 1111111111, 1611111 116 161111116 11111
1611111111 111111 11111111, 1116116 111 116 religion 111111, 161 111111116 pr 1111 11111, nn 11 11611116161111111116·
116, 11 111 11111116 161 6111116, 11 111 61161116 1111 1111111, 111 ooo 1111 1111111 11111111 11111 1111111111, nono pr
116 11111116, 111 161111 11111111 1111111 1116111111 1111116 11111 1111111116.

&n 61 111111 1111 116 G. 1. 8. Θ. 1161111116 16 111116 1111116116, 11116111 6611111161, 111116 noto
1111111116 11161611111111 1111111111 111116 1111111, 111 111 11 (1111111111 &ott 11111116) 11161 6111111 111111, 11166 6111
“ 1111111111 116 1111 6111111 1111 111, 166116 1116161116 116111611111111111111111111111111116, 11111 11111 111116 1111 ge·
111116, 1611111 11 111111. 1 1611116111 6111111111 So 11111616 1111 661 6111111111161111111111111
11611111 111 11111116, 111 1. ll 8. 0. 11111, 11111 1111111111 1111111 1111611111 111 11111116 161 1161111116, 61111111 111111

11111 161 111111, 1111111111 11111 161 1116111111 61111111 16111111111111111161 6111 1111111 111116, 11 titolo tent 11111
1111 011111, 11166 11111 116 1111111116 1111111116 1111111116 1111, 11111116 11111 1111 1111116611 11 11116 11111, 11116 gott·

1111111116 1111111 11111 811111 11111, Dono 61161111111111111611111611116 1611 161111, 116161 11 1111 111 1111111111
116 0111 111111,11111111111166111111111,111616111111111116 161 611111 1161161161116,111111111161ῦ161116111116
1111 pr 111111 (11161 11 11 1111111 111111 11161161) 111161 1111111111 11111161611916111 1111101111 &roe 1111 111
111116 11111111 11111111 111 11111 61111111 11161111 11116 1111111111 1111111661 11111, 11 11 1616111116111111111161111111
1111, 11 1111 6111111 111 1111111 6116 16111111 16111 111, 161 111111 1161111116 111 11116, 6161111611 8161116 niet
61111111 111 11111111 111161 116 orgeto 1111111 116161111161111111161111111116111111111116, 11111111 1116,111
161 6111111661 166 111111 11111, 111 1111111111 161 911111 1111 111 11111116, 1111111. ’11111 11111 1116 16 116 1111111111 111

11111111 otoo 111 rouro 16 1116111111 11111116, 111 11 11611 0161111116 1111111 1111111 1111 1161111 11111, turo

)111616161166111611661161161166116111161166611161161611111.611116.611.1.1111111116616111111111),
sed 11116616 fonensi, 81116161 neonis, 1611111611 tle 11611116 1111111161 ΕΜ 111 tecle mmmm l. 11116.

 

