, (11111111111111, 11111111 (11111, 1111 111 111111 11111111, 111111111111111111111. 6111111111

111 ’111111111111111111111111111111111111111111111. 111

111 11111111111111111111111111111 1111111111, 111 1111111 11111, 11111111, 1111111111Ε11Θ1111111111111,111
1111111111 1111111 1111111111111111111111111 1111111, 111 111 1111111111 1111111, 1111 111 111111 111111 1111111
1111111, 1111111, 1111 1111111111, 11113111111111111ῌ. [1111111. 17, 11], 1111111111[11111111111111111111

1. 48, 15 1.], Q& 111111 eud) 111111111111111111 1111111111. 11], 11111111611,11111111111.11. [181
111111111111111111, 111 mid) 111 1111111111 11111111 1111111 11 mit 11111 111111111111111111111111 1111,
111111111111111,11311111111111111111111111111 3111111 1111111111, 3111111111, 1111 11111111, 11111, ·
· 11111111 111, 1111111111111116111111111. 111 1111 11111111 111111111111111, 111 1111 1111 11111111
111 1111111111 1111111111 1111 111111 1111111.

, - 11111111 111 111 1111111111 1111111111 11 111
&tam 11111111, 111 111 11111111 111 11111111 11111111 111 13111 11111 211111111111111 &on (1111111, 111 1111
1111111111111,111 11 1111 111111 111 1111111111 11111111, 1111111111 111 1111111, 11111 1111 1111111 11111111, 111 1111
1111111111111111111 1111111111 111 1111 11111111, 111 1111 1111 1111111111 (1111 11111111, 1111111111111111
1111 1111111111. 11111111 1111111 1111111111 1111111 1111111111, 1111 11111111
· 111 110. 1111111 [1. 4.] 1111 11111111 1111111111 111 111
bleba) 111 11111111 111111 1111111111,111 1111113111 1111111111, 1111111131 111111 11111111, 111 1111 111 11111
111111111111ῧ111111111111111111111111,11111111 1111111 111111111, 1111 11111111111111111111111. mm
1111111111111111 111111,1111111111111-11111. (111 (1111111133.[11.]61111131111111111111111111111
111 11 1111 1111 111 1111111111 1111111111 111111, 111 11111 111 111 11111 11111 111111, 111111611111111111, 11111111
111111 1111111111 111Ξ111111, 1111 11111111311111, 31111, 111111111111111111, 11111111111 1111, 11111111 (111
11 1111111 11111111 1111111, 11111111 1111111, 11111111 1111Ι 111 1111 1111 111 1111 1111111111, 111 11111111 111111 11
1111111 11111 1111 1111111111 (111111. 11111 1111111111 elium 1111111. ·
, 111111 1111111111 111 1111111111 (11111111, 111 11111 111
1111111111, (111111, 111111111111111111, 111111 111 11111 , ·
1111111111111131111111111, 111 1111111111111111111, 1111111111 1111 11111131111111111111, 111 1111111111 ,
1111111111111 11111 1111 111111 11 11111111, 11111 11 11111 11111111 in 1111111 1111111111 11111, 111 11111111. 6. [33]
11111111 11111111 111 1111 11111 1111111111 1111111, 11 (1111 6111111 11111111 111 111111 1111111 1111 1111111111111111111,
1111111111 111. 1111111111111111111111111111111 111111 11 11111 eud> 111111 1111111111 1111111. 31111, 1111111.
111111, 11 111111111111111111 11111 111111, 1111111111111 10. [301 11111 111 111 1111111 ,1111111111 1111111, 1111
1111, 1111 1111111111 1111 11111111 11111. 31111, 11 11 Ε. 13111111 1111111 11111 11111 1111111111 2111111111, 111

1111 11111111 111111, 11 11 111111 1111111 1111111111 111. 1111111 (111. [1. 8.] 111 1111111111111 11 1111111111 ,ffu 111111,
,bie 1111111 11111 111111 11111111, 11111111, 111111 &uz 111 111 2111111111 111 [1111111111 111 1111 11111111
111111’1111111111111111111111111 111ι1111111111111111111131113111

111 111111 1111111111, 11111111, 1111111111, 1111111 1111111111111111.
11111 111111 11111 1111 11111111 1111111, 1111111111.

3111111111, 111 111111 1111 1111111111, 1111111111111 1111111113111 1111111111 (111111 111 111 1111111111,
111111 1111 1111111111 11111111 111 1111111111 11111. 111 111, 111111111111 11111111, 1111 11111111111111111
» 111 1111111111 111 111111, 1111 111111111111111111111111
11111 111111111111111111111111111111, 11111· 111111, 111 1111111111 111111 mit 11111111 111111 1111111111, 111111 1111,

111 111111111111111111111111111111111111111111111 1111111111 1111111, 111 (11111111111111 111 mun 11161111
11111, 11111111 11111 1131111111111 1111 11111111, 1111 111 1111111111111111111111111, 1111 11111111111111111,
11111111 11111111, 11111. 3. [9.] &e 11111 1111 11111111 111 111 1111111111) 1111111 111 30. 1111111 [1. 21],
11111111111111 1111111) 111 1111111111111, 1111111111 11111111 1111111111, 111 111 11111 111111 1111311111,
lio 1111111111, 111 1111111111 1111111111, 111111, 11111111 126. 1127, 1.] 1111 (11111 111Ῠὸυὲ 111111 181111,
. 11 · 111³ tu*

11111118) 111 11111 11111 1111 1111 11111111 annea 111111111111111111111111111111111.1111
11111191 111 11 1111111111 (1111111111 1111111111, 1111 111 111111111111111111 111 1111111111 1111 1111111111 111
111 11111 1111 11111111, 1111111 (111111 1111111 1111111111 1111111111111,1>1111111111111111,1111111111111111111
1111111111 111 15111111 1111111111 111 1111111, 111111 11111111
,, 1111 11111111 1111, 1111111111 1111111111) 111 111111 11111111
,18) uum] Ed. 3, 251³· err. 111, 111, 11111111 11 11111 11111, 11111111 111 1111 111 11113111,
mmmmmfflm-Wfflfflmww-mae&mmmfflwmmfflsswffiffldffiwm

fflwmmwwmwmſtrwwffifflfflwmffimwwmmm
enwm, .

ιι--ι--ι

11· ’

 

