' 211 111111.. samm 10111111. ’ 111

111111 1111111111111111111111 11111111 111, [o 11111 111 11111111, 11131) 111 1111111111 1111, 1111 1111111

en 1111111111 1111111111111 111111111111111111 1111111, [Son. 15, 5.] θη mid) 11111 1111111111 11

111111 11111. ‚ 1111111, 1111111, 1111111, 1111111111,11111111111111111,
1111111, 1111 111 1111111111 [huffen 11111111 1111, 111
1111111111τῴ 111 ᾥ11111 1111111.

Μ 111111 (91111. Det 111111 (11111, 11 1111111111 111111 ”nb 1111111

glauben, 1111111111, 1111111111 1111111111 11111111 · ’

mu 111 ben 11111 111111 (111111 11111 1111111111 11111111811111111111 11111111, Ι111611111111111111111111
1111. Smerde 111 1111111, maa 111111111111111 ,
1111111111 111111. 1111111111111111111111111 1111111111 (1111 111, 111 (111111 1111111111111111
111111 rebe, 53111 &ott 1111 1111111 1111, 111 11111111 glauben, 111111 1111 1111111 1111 1111111111 11111111
bura> 1111111111 11111, 111 1111 111 1111111111 1111111111 11111111 11111, 1111 1111)(11111111111 1111111, [111111. 111,
11111111111111111, 11111111, 11111111111111111) 11] 11111 1111111111 111111 mamm, 111 111111)
1111111111, 31 111111 11111 abet 1111111111111111 11111111 111 1111111 1111111111 111111.
1111111111 1111111, 1111111111111 111111 fet). .

11111111111111,111111 x 111 (1111.

11111111111111 111111, 11111111 111111 11111111 11

1111 11111 lernen, 1111 mettre 111111, 11 1111111111 ·

111111 1111 1111111111 111 1111111111, 1111 111111 11111 111 1111111) 1111111111, 111 1111111111 111111
1111111111 gerino 11111111, 1 11111 1111111) 111111, 111 1111 1111111 111 11111 111111 111111 (111111, 11111111)
111 11111111 111, 111 111 1111111111) 1111111111 11111, 111 111111 111111111111111111, 1111 11111111,
11111111111111111111111111111111111 glauben imbeta 11111111, 1111111 1111 11111111111111 11 11111111) 11111
, 11111, 111111 (1111 11111111111111111111, 111, 11 11 1111111, 1111111111 1111111111) 111111111111111111
111111 &cipio 1111111) 11111, 11111111311111111,111 eis 111, 1111111 11 1111111111111111111111. 1111111)
11111111111111111111, 111111111119) 1111111111 11111111 1111111111111311111111111111111111,111

’ 111111 1111111111 1111 (111111 etc. 1111111 1111111111 1111111111111,111111111111111111111111111111

111111111111111111,11111111111111111111111111,111 11111111111111111111111111111 11111, 111 1111111111 ·
111611 (11111 1111 1111111111. 11111111, nub 11111111 111 1111111111 11111. 1111111)
, 11111111 1111111, 111 bid) (1111111111111111111111 -

gen 11111111 11111111 11111, fo 11 11111 11111.

&⁰ 11111111 1111 1111 1111111 (511111 311111 111111 111111111111111111111 11111111111111111111111
1111111111 111111111111111111
11111181) 1111111111 111111 111111 111 111 en, 51111111

met 1111 (11111 11, 31 1111111 (111111 ford„ „nb 1111111111111111131111111Ε11111111111111
1111111111111111111111111, 11111111111111111111 Ῑ1111 W, 111111611111111111 1111 mehr 1111111
111111 111 11111111 111, 11111111111111 1111111 1111111111111111, 5111111 ‘t 1111111 (1111111111 1111111111
· 1111111111, 111611 (111111, 1111111111 o 1111111 11111 ²? [11111 11111111Θ111111 1111111111 111 1111111Ι
11111111111111111111111. , snubere 1111111111. 311111111Θ1111111111111111
1111 111 1111111111, 111 et 1111111111 1111111, 11 ct [eut

111 1111111111 ist, 3111111111111111111111 111, ”nb 1111111111111111111· Ἢ111111111111111111
glauben, (11111 1111111, 111 11111111, 11111111111111 111111111111111[111111111111911111111111111111111
1111 (11111 111, 11111111, 11111111 11111, ”nb 1111111111111 11111 manet,
111111 11111, 1111 11111) 111111 11111111 1111111111111111 111111 ,1111 111111 111, 11111ῑῇ11111 sum 11111111, M? θῐ 11111
111111111111111111 ἲῖη1111.1111111111..

111111111111111111111111, 1111111111 111111111111111111111111111111111111111 1111111111
¹ 11) 1111111111 111111111111111111111111,1111111111

-ιε--ο

§uun———n

¹ 79) Conf. de hoc egregio P. cornelii Scipionis Africani maioris
sacto Liv. XXVI, 49 sq. n 80) 111] ab Editt. 1-9. 11., corp. 1-7. abest

 

