· 111119 111 11111111 1111111111, 111 111

111 1111111111111111111111111111. 111

1111119111 11111. 2⁴) 1111 11111111 1111111111’111111 11111 [11111111111111111111911111111111111111111111

1111111111111111111111111111111911111111111 11111. 311 1111 1111111111111111, 111111111111111,

1111111. 111 1111111 1119111119 1116111111 111111, 61111 11 111
111 91111111 1111111111 1111.

&a 1111111111 1111111111, 111111111111111 11111 111 111111 9111111111 mit 11191111 111111

91111111 111 11111 1191111 1111 11111. 6111111 em) 11 11911 111111, 1111111 1111111 1119111111.

1111111, ί111 11111111 11191111 1111111, 61111111, 111111

11191111, 11111 9111111111 111 1119111111, 111 111111 911

111. ’ 1111, 111 111111 111111 11191111 911 911111 1111111111119

. 111117) 111 111 11111 11111 11191111 111, 111 1111111

11111 11111 91111111, 111 1111111 1111 111 bitae!- geben·

1111 111, 1111, 111 11111111111111111111, 111911 Vl.
1111111 11111. (111, 111 111 1111111 1111111 1111 1111111111, Ι
111191, 1111111111 111111, 1119111111, 11111, 111111 11111111 11111 111 1111111119.
get 11. 1111 1111111111111111 31111111, lt 111111
1111 111 11111111 111111 11111111, 111 1119111133ἷῖαὲιῖ1ῗὶ1111 111111111111131111, 111111111111111111111111
1111911 111 111111 111 9111111, 111 9111111111 1111. 1111119 111111, 11111111 1111 1111111111111 9111111111
· 1111119111111111111111111111, 111911111111111111, 11111111111111111111111111,11111111111111111111
1111 911 1111111111, 111 111 1111111111 1111111111 1119. 111 1111111119 1111111, 111 1111119111 111 1191111111,
1111 111911 111 111111 1111111111 91111111. 111 111111 11 111111 91111 111 911111191911111

. 1111. ἡ . Vll
1111111 1191111 11111· 911 111 11111. §unbem ²⁸) 111111 1111111111 11111

umen.

» 111111, (111 1111 111111 1111119, 9111111111 111111,
111111 11111191, 9111111191 11111111) 11111) 111 1111111, ,1111111 11119111111111111111111111111,1311111111
9111111 11111111911111111, 91911191111113119111, 11111119 1111 1111 1111111111, 1111111, 1111111111 11111,
1111111111) in 1111111111 111111 111111. 1111111111 leben& 11 1111111, 111111, 1111111911
· - ’ ’ 1111111111111,111111111111111111111111111111111111,

1111111 1111 9191111 111111, 11191911111191111,1111 11111
V. 911 111111, 11111111) ·

1111911 1111 11111 6111111, 11111111 11191111 1111111
6111119111) (δυ 11111111 111 1111 1111 1111111 111111 1111111111
11111, 11111111 1111 111 91111 11111111 11111 9111111 111,
mit 9111 fut 111 1111111, 11111111 11111, 1111 9111111111
1111111119191111111111111111111111911111 111 11111111 1111 111111 11111. 11111111 1111111 1111111
· 111 111111 1111, 111 11 911111, 1111 11111119111119 111 111-111 911111 111111111111111111111911111, 1111 111
1111111 11111 111111 1111111111, 111 1111111111 11911111, 111 1111191 91111111 1111111, 111111 1119111111 1111 9111111111
ἱ11ἑ1111111111ῇ1ζ111 1111 11111111. bfflboe mgr 1111 11111116 {rich 11111 11111, 1119191111111911111111119111

1 m 1 11 1 1.

bg& 31 &fab 1111113111ξ18111811α1ῗὲ111111111. nd) ιη’ ”n 11111111, 111111 11111111 1111 111111 1111111111, 111111
1111 11111111 111111, 111111111191111111191111111 1111111 1119111 1111111111, 111 11111111911111, 11111191 1111,

ωδωωωω-ψωωωΜΜΜμψῶωωωὼ1η11ἓψψ1ω11-ἪΜΜΜΜᾸΜ111
1191111 nno, 1111111111119116111, 111 1111 1111111 11111 11111 1111111111 111 1111111111) 3111111, 1111111 1111 11111111
1111111119 91111111. 111 911111 1111111,

11) 11111111] 111111. 1. 2. 1111 11111111 Ι 11) 6111111]111111 1. abest.
· 26) 11111111- 11111191111μὴι11. 1. absunt. 28) 1111111111 Ed. 1. 11111.

 

